function Q_y = planar_133222_cof_y(in1,in2,in3,in4,in5,in6)
%PLANAR_133222_COF_Y
%    Q_y = PLANAR_133222_COF_Y(IN1,IN2,IN3,IN4,IN5,IN6)

%    This function was generated by the Symbolic Math Toolbox version 9.3.
%    03-Feb-2024 14:39:32

P11_1 = in1(1,:);
P11_2 = in1(2,:);
P11_3 = in1(3,:);
P21_1 = in4(1,:);
P21_2 = in4(2,:);
P21_3 = in4(3,:);
p12_1 = in2(1,:);
p12_2 = in2(2,:);
p12_3 = in2(3,:);
p13_1 = in3(1,:);
p13_2 = in3(2,:);
p13_3 = in3(3,:);
p22_1 = in5(1,:);
p22_2 = in5(2,:);
p22_3 = in5(3,:);
p23_1 = in6(1,:);
p23_2 = in6(2,:);
p23_3 = in6(3,:);
t2 = P21_1.*p22_2;
t3 = P21_2.*p22_1;
t4 = P21_1.*p22_3;
t5 = P21_3.*p22_1;
t6 = P21_2.*p22_3;
t7 = P21_3.*p22_2;
t8 = P21_1.*p23_2;
t9 = P21_2.*p23_1;
t10 = P21_1.*p23_3;
t11 = P21_3.*p23_1;
t12 = P21_2.*p23_3;
t13 = P21_3.*p23_2;
t14 = p22_1.*2.0;
t15 = p22_2.*2.0;
t16 = p22_3.*2.0;
t17 = p23_1.*2.0;
t18 = p23_2.*2.0;
t19 = p23_3.*2.0;
t32 = -P21_1;
t33 = -P21_2;
t34 = -P21_3;
t20 = t2.*2.0;
t21 = t3.*2.0;
t22 = t4.*2.0;
t23 = t5.*2.0;
t24 = t6.*2.0;
t25 = t7.*2.0;
t26 = t8.*2.0;
t27 = t9.*2.0;
t28 = t10.*2.0;
t29 = t11.*2.0;
t30 = t12.*2.0;
t31 = t13.*2.0;
t35 = -t14;
t36 = -t16;
t37 = -t17;
t38 = -t19;
t39 = -t3;
t41 = -t5;
t43 = -t7;
t45 = -t9;
t47 = -t11;
t49 = -t13;
t51 = P11_1+t32;
t52 = P11_2+t33;
t53 = P11_3+t34;
t40 = -t21;
t42 = -t22;
t44 = -t25;
t46 = -t27;
t48 = -t28;
t50 = -t31;
t54 = t51.^2;
t55 = t53.^2;
t56 = t2+t39;
t57 = t4+t41;
t58 = t6+t43;
t59 = t8+t45;
t60 = t10+t47;
t61 = t12+t49;
t62 = 1.0./t52;
t63 = t62.^2;
t66 = t14.*t51.*t62;
t67 = t15.*t51.*t62;
t68 = t16.*t51.*t62;
t69 = t14.*t53.*t62;
t70 = t15.*t53.*t62;
t71 = t16.*t53.*t62;
t72 = t17.*t51.*t62;
t73 = t18.*t51.*t62;
t74 = t19.*t51.*t62;
t75 = t17.*t53.*t62;
t76 = t18.*t53.*t62;
t77 = t19.*t53.*t62;
t78 = p22_1.*t51.*t62.*-2.0;
t79 = p22_3.*t53.*t62.*-2.0;
t80 = p23_1.*t51.*t62.*-2.0;
t81 = p23_3.*t53.*t62.*-2.0;
t106 = t51.*t57.*t62.*2.0;
t107 = t51.*t58.*t62.*2.0;
t108 = t53.*t56.*t62.*2.0;
t109 = t53.*t57.*t62.*2.0;
t110 = t51.*t60.*t62.*2.0;
t111 = t51.*t61.*t62.*2.0;
t112 = t53.*t59.*t62.*2.0;
t113 = t53.*t60.*t62.*2.0;
t64 = t54.*t63;
t65 = t55.*t63;
t86 = t15+t66;
t87 = t15+t71;
t88 = t18+t72;
t89 = t18+t77;
t98 = t14.*t51.*t53.*t63;
t100 = t16.*t51.*t53.*t63;
t101 = t17.*t51.*t53.*t63;
t103 = t19.*t51.*t53.*t63;
t104 = p22_2.*t51.*t53.*t63.*-2.0;
t105 = p23_2.*t51.*t53.*t63.*-2.0;
t82 = t64+1.0;
t83 = t65+1.0;
t84 = t64-1.0;
t85 = t65-1.0;
t122 = t35+t67+t100;
t123 = t36+t70+t98;
t124 = t37+t73+t103;
t125 = t38+t76+t101;
t126 = t68+t69+t104;
t127 = t74+t75+t105;
t90 = p22_1.*t84;
t91 = p22_2.*t84;
t92 = p22_2.*t85;
t93 = p22_3.*t85;
t94 = p23_1.*t84;
t95 = p23_2.*t84;
t96 = p23_2.*t85;
t97 = p23_3.*t85;
t114 = t67+t90;
t115 = t70+t93;
t116 = t73+t94;
t117 = t76+t97;
t118 = t78+t91;
t119 = t79+t92;
t120 = t80+t95;
t121 = t81+t96;
mt1 = [p12_3.*(P11_2.*t114+P11_1.*t118)-p12_2.*(P11_3.*t114-P11_1.*p22_3.*t82)-p12_1.*(P11_3.*t118+P11_2.*p22_3.*t82)-p12_1.*(t106-t58.*t84)+p12_2.*(t107+t57.*t84)+p12_3.*t56.*t82,p13_3.*(P11_2.*t116+P11_1.*t120)-p13_2.*(P11_3.*t116-P11_1.*p23_3.*t82)-p13_1.*(P11_3.*t120+P11_2.*p23_3.*t82)-p13_1.*(t110-t61.*t84)+p13_2.*(t111+t60.*t84)+p13_3.*t59.*t82];
mt2 = [p12_2.*(P11_1.*t122-P11_3.*t123)-p12_1.*(P11_2.*t122-P11_3.*t126)+p12_3.*(P11_2.*t123-P11_1.*t126)-p12_1.*(t20+t40+t109-t51.*t53.*t58.*t63.*2.0)-p12_3.*(t24+t44+t106-t51.*t53.*t56.*t63.*2.0)+p12_2.*(t51.*t56.*t62.*2.0+t53.*t58.*t62.*2.0+t51.*t53.*t57.*t63.*2.0),p13_2.*(P11_1.*t124-P11_3.*t125)-p13_1.*(P11_2.*t124-P11_3.*t127)+p13_3.*(P11_2.*t125-P11_1.*t127)-p13_1.*(t26+t46+t113-t51.*t53.*t61.*t63.*2.0)-p13_3.*(t30+t50+t110-t51.*t53.*t59.*t63.*2.0)+p13_2.*(t51.*t59.*t62.*2.0+t53.*t61.*t62.*2.0+t51.*t53.*t60.*t63.*2.0)];
mt3 = [-p12_2.*(t20+t40)+p12_3.*(P11_1.*t16-P11_2.*p22_3.*t51.*t62.*2.0)-p12_1.*(P11_3.*t16+P11_2.*t86)+p12_2.*(P11_3.*t68+P11_1.*t86)+p12_3.*(t23+t42+t107)-p12_1.*t51.*t56.*t62.*2.0,-p13_2.*(t26+t46)+p13_3.*(P11_1.*t19-P11_2.*p23_3.*t51.*t62.*2.0)-p13_1.*(P11_3.*t19+P11_2.*t88)+p13_2.*(P11_3.*t74+P11_1.*t88)+p13_3.*(t29+t48+t111)-p13_1.*t51.*t59.*t62.*2.0,-p12_1.*(P11_2.*t115+P11_3.*t119)+p12_2.*(P11_1.*t115-P11_3.*p22_1.*t83)+p12_3.*(P11_1.*t119+P11_2.*p22_1.*t83)+p12_2.*(t108+t57.*t85)-p12_3.*(t109-t56.*t85)+p12_1.*t58.*t83];
mt4 = [-p13_1.*(P11_2.*t117+P11_3.*t121)+p13_2.*(P11_1.*t117-P11_3.*p23_1.*t83)+p13_3.*(P11_1.*t121+P11_2.*p23_1.*t83)+p13_2.*(t112+t60.*t85)-p13_3.*(t113-t59.*t85)+p13_1.*t61.*t83,p12_2.*(t24+t44)+p12_1.*(P11_3.*t14-P11_2.*p22_1.*t53.*t62.*2.0)-p12_3.*(P11_1.*t14+P11_2.*t87)+p12_2.*(P11_1.*t69+P11_3.*t87)-p12_1.*(t23+t42+t108)+p12_3.*t53.*t58.*t62.*2.0,p13_2.*(t30+t50)+p13_1.*(P11_3.*t17-P11_2.*p23_1.*t53.*t62.*2.0)-p13_3.*(P11_1.*t17+P11_2.*t89)+p13_2.*(P11_1.*t75+P11_3.*t89)-p13_1.*(t29+t48+t112)+p13_3.*t53.*t61.*t62.*2.0];
mt5 = [-p12_1.*t58+p12_2.*t57-p12_3.*t56+p12_3.*(P11_1.*p22_2-P11_2.*p22_1)-p12_2.*(P11_1.*p22_3-P11_3.*p22_1)+p12_1.*(P11_2.*p22_3-P11_3.*p22_2),-p13_1.*t61+p13_2.*t60-p13_3.*t59+p13_3.*(P11_1.*p23_2-P11_2.*p23_1)-p13_2.*(P11_1.*p23_3-P11_3.*p23_1)+p13_1.*(P11_2.*p23_3-P11_3.*p23_2)];
Q_y = reshape([mt1,mt2,mt3,mt4,mt5],2,6);
end
