function Q_z = planar_133222_cof_z(in1,in2,in3,in4,in5,in6)
%PLANAR_133222_COF_Z
%    Q_z = PLANAR_133222_COF_Z(IN1,IN2,IN3,IN4,IN5,IN6)

%    This function was generated by the Symbolic Math Toolbox version 9.3.
%    03-Feb-2024 14:39:32

P11_1 = in1(1,:);
P11_2 = in1(2,:);
P11_3 = in1(3,:);
P21_1 = in4(1,:);
P21_2 = in4(2,:);
P21_3 = in4(3,:);
p12_1 = in2(1,:);
p12_2 = in2(2,:);
p12_3 = in2(3,:);
p13_1 = in3(1,:);
p13_2 = in3(2,:);
p13_3 = in3(3,:);
p22_1 = in5(1,:);
p22_2 = in5(2,:);
p22_3 = in5(3,:);
p23_1 = in6(1,:);
p23_2 = in6(2,:);
p23_3 = in6(3,:);
t2 = P21_1.*p22_2;
t3 = P21_2.*p22_1;
t4 = P21_1.*p22_3;
t5 = P21_3.*p22_1;
t6 = P21_2.*p22_3;
t7 = P21_3.*p22_2;
t8 = P21_1.*p23_2;
t9 = P21_2.*p23_1;
t10 = P21_1.*p23_3;
t11 = P21_3.*p23_1;
t12 = P21_2.*p23_3;
t13 = P21_3.*p23_2;
t14 = p22_1.*2.0;
t15 = p22_2.*2.0;
t16 = p22_3.*2.0;
t17 = p23_1.*2.0;
t18 = p23_2.*2.0;
t19 = p23_3.*2.0;
t32 = -P21_1;
t33 = -P21_2;
t34 = -P21_3;
t20 = t2.*2.0;
t21 = t3.*2.0;
t22 = t4.*2.0;
t23 = t5.*2.0;
t24 = t6.*2.0;
t25 = t7.*2.0;
t26 = t8.*2.0;
t27 = t9.*2.0;
t28 = t10.*2.0;
t29 = t11.*2.0;
t30 = t12.*2.0;
t31 = t13.*2.0;
t35 = -t14;
t36 = -t15;
t37 = -t17;
t38 = -t18;
t39 = -t3;
t40 = -t5;
t42 = -t7;
t44 = -t9;
t45 = -t11;
t47 = -t13;
t49 = P11_1+t32;
t50 = P11_2+t33;
t51 = P11_3+t34;
t41 = -t23;
t43 = -t25;
t46 = -t29;
t48 = -t31;
t52 = t49.^2;
t53 = t50.^2;
t54 = t2+t39;
t55 = t4+t40;
t56 = t6+t42;
t57 = t8+t44;
t58 = t10+t45;
t59 = t12+t47;
t60 = 1.0./t51;
t61 = t60.^2;
t64 = t14.*t49.*t60;
t65 = t15.*t49.*t60;
t66 = t14.*t50.*t60;
t67 = t16.*t49.*t60;
t68 = t15.*t50.*t60;
t69 = t16.*t50.*t60;
t70 = t17.*t49.*t60;
t71 = t18.*t49.*t60;
t72 = t17.*t50.*t60;
t73 = t19.*t49.*t60;
t74 = t18.*t50.*t60;
t75 = t19.*t50.*t60;
t76 = p22_1.*t49.*t60.*-2.0;
t77 = p22_2.*t50.*t60.*-2.0;
t78 = p23_1.*t49.*t60.*-2.0;
t79 = p23_2.*t50.*t60.*-2.0;
t104 = t49.*t54.*t60.*2.0;
t105 = t50.*t54.*t60.*2.0;
t106 = t49.*t56.*t60.*2.0;
t107 = t50.*t55.*t60.*2.0;
t108 = t49.*t57.*t60.*2.0;
t109 = t50.*t57.*t60.*2.0;
t110 = t49.*t59.*t60.*2.0;
t111 = t50.*t58.*t60.*2.0;
t62 = t52.*t61;
t63 = t53.*t61;
t84 = t16+t64;
t85 = t16+t68;
t86 = t19+t70;
t87 = t19+t74;
t96 = t14.*t49.*t50.*t61;
t97 = t15.*t49.*t50.*t61;
t99 = t17.*t49.*t50.*t61;
t100 = t18.*t49.*t50.*t61;
t102 = p22_3.*t49.*t50.*t61.*-2.0;
t103 = p23_3.*t49.*t50.*t61.*-2.0;
t80 = t62+1.0;
t81 = t63+1.0;
t82 = t62-1.0;
t83 = t63-1.0;
t120 = t35+t67+t97;
t121 = t36+t69+t96;
t122 = t37+t73+t100;
t123 = t38+t75+t99;
t124 = t65+t66+t102;
t125 = t71+t72+t103;
t88 = p22_1.*t82;
t89 = p22_3.*t82;
t90 = p22_2.*t83;
t91 = p22_3.*t83;
t92 = p23_1.*t82;
t93 = p23_3.*t82;
t94 = p23_2.*t83;
t95 = p23_3.*t83;
t112 = t67+t88;
t113 = t69+t90;
t114 = t73+t92;
t115 = t75+t94;
t116 = t76+t89;
t117 = t77+t91;
t118 = t78+t93;
t119 = t79+t95;
mt1 = [-p12_2.*(P11_3.*t112+P11_1.*t116)+p12_3.*(P11_2.*t112-P11_1.*p22_2.*t80)+p12_1.*(P11_2.*t116+P11_3.*p22_2.*t80)+p12_1.*(t104+t56.*t82)+p12_3.*(t106-t54.*t82)-p12_2.*t55.*t80,-p13_2.*(P11_3.*t114+P11_1.*t118)+p13_3.*(P11_2.*t114-P11_1.*p23_2.*t80)+p13_1.*(P11_2.*t118+P11_3.*p23_2.*t80)+p13_1.*(t108+t59.*t82)+p13_3.*(t110-t57.*t82)-p13_2.*t58.*t80];
mt2 = [-p12_2.*(t24+t43-t104+t49.*t50.*t55.*t61.*2.0)-p12_3.*(P11_1.*t120-P11_2.*t121)+p12_1.*(P11_3.*t120-P11_2.*t124)-p12_2.*(P11_3.*t121-P11_1.*t124)+p12_1.*(t22+t41+t105+t49.*t50.*t56.*t61.*2.0)-p12_3.*(t49.*t55.*t60.*2.0-t50.*t56.*t60.*2.0+t49.*t50.*t54.*t61.*2.0),-p13_2.*(t30+t48-t108+t49.*t50.*t58.*t61.*2.0)-p13_3.*(P11_1.*t122-P11_2.*t123)+p13_1.*(P11_3.*t122-P11_2.*t125)+p13_2.*(P11_1.*t125-P11_3.*t123)+p13_1.*(t28+t46+t109+t49.*t50.*t59.*t61.*2.0)-p13_3.*(t49.*t58.*t60.*2.0-t50.*t59.*t60.*2.0+t49.*t50.*t57.*t61.*2.0)];
mt3 = [-p12_3.*(t22+t41)+p12_2.*(P11_1.*t15-P11_3.*p22_2.*t49.*t60.*2.0)-p12_1.*(P11_2.*t15+P11_3.*t84)+p12_3.*(P11_2.*t65+P11_1.*t84)-p12_2.*(t20-t21+t106)-p12_1.*t49.*t55.*t60.*2.0,-p13_3.*(t28+t46)+p13_2.*(P11_1.*t18-P11_3.*p23_2.*t49.*t60.*2.0)-p13_1.*(P11_2.*t18+P11_3.*t86)+p13_3.*(P11_2.*t71+P11_1.*t86)-p13_2.*(t26-t27+t110)-p13_1.*t49.*t58.*t60.*2.0,p12_1.*(P11_3.*t113+P11_2.*t117)-p12_3.*(P11_1.*t113-P11_2.*p22_1.*t81)-p12_2.*(P11_1.*t117+P11_3.*p22_1.*t81)+p12_2.*(t105-t55.*t83)-p12_3.*(t107+t54.*t83)+p12_1.*t56.*t81];
mt4 = [p13_1.*(P11_3.*t115+P11_2.*t119)-p13_3.*(P11_1.*t115-P11_2.*p23_1.*t81)-p13_2.*(P11_1.*t119+P11_3.*p23_1.*t81)+p13_2.*(t109-t58.*t83)-p13_3.*(t111+t57.*t83)+p13_1.*t59.*t81,-p12_3.*(t24+t43)+p12_1.*(P11_2.*t14-P11_3.*p22_1.*t50.*t60.*2.0)-p12_2.*(P11_1.*t14+P11_3.*t85)+p12_3.*(P11_1.*t66+P11_2.*t85)-p12_1.*(-t20+t21+t107)-p12_2.*t50.*t56.*t60.*2.0,-p13_3.*(t30+t48)+p13_1.*(P11_2.*t17-P11_3.*p23_1.*t50.*t60.*2.0)-p13_2.*(P11_1.*t17+P11_3.*t87)+p13_3.*(P11_1.*t72+P11_2.*t87)-p13_1.*(-t26+t27+t111)-p13_2.*t50.*t59.*t60.*2.0];
mt5 = [-p12_1.*t56+p12_2.*t55-p12_3.*t54+p12_3.*(P11_1.*p22_2-P11_2.*p22_1)-p12_2.*(P11_1.*p22_3-P11_3.*p22_1)+p12_1.*(P11_2.*p22_3-P11_3.*p22_2),-p13_1.*t59+p13_2.*t58-p13_3.*t57+p13_3.*(P11_1.*p23_2-P11_2.*p23_1)-p13_2.*(P11_1.*p23_3-P11_3.*p23_1)+p13_1.*(P11_2.*p23_3-P11_3.*p23_2)];
Q_z = reshape([mt1,mt2,mt3,mt4,mt5],2,6);
end
