function Q_x = planar_133222_cof_x(in1,in2,in3,in4,in5,in6)
%PLANAR_133222_COF_X
%    Q_x = PLANAR_133222_COF_X(IN1,IN2,IN3,IN4,IN5,IN6)

%    This function was generated by the Symbolic Math Toolbox version 9.3.
%    03-Feb-2024 14:39:31

P11_1 = in1(1,:);
P11_2 = in1(2,:);
P11_3 = in1(3,:);
P21_1 = in4(1,:);
P21_2 = in4(2,:);
P21_3 = in4(3,:);
p12_1 = in2(1,:);
p12_2 = in2(2,:);
p12_3 = in2(3,:);
p13_1 = in3(1,:);
p13_2 = in3(2,:);
p13_3 = in3(3,:);
p22_1 = in5(1,:);
p22_2 = in5(2,:);
p22_3 = in5(3,:);
p23_1 = in6(1,:);
p23_2 = in6(2,:);
p23_3 = in6(3,:);
t2 = P21_1.*p22_2;
t3 = P21_2.*p22_1;
t4 = P21_1.*p22_3;
t5 = P21_3.*p22_1;
t6 = P21_2.*p22_3;
t7 = P21_3.*p22_2;
t8 = P21_1.*p23_2;
t9 = P21_2.*p23_1;
t10 = P21_1.*p23_3;
t11 = P21_3.*p23_1;
t12 = P21_2.*p23_3;
t13 = P21_3.*p23_2;
t14 = p22_1.*2.0;
t15 = p22_2.*2.0;
t16 = p22_3.*2.0;
t17 = p23_1.*2.0;
t18 = p23_2.*2.0;
t19 = p23_3.*2.0;
t32 = -P21_1;
t33 = -P21_2;
t34 = -P21_3;
t20 = t2.*2.0;
t21 = t3.*2.0;
t22 = t4.*2.0;
t23 = t5.*2.0;
t24 = t6.*2.0;
t25 = t7.*2.0;
t26 = t8.*2.0;
t27 = t9.*2.0;
t28 = t10.*2.0;
t29 = t11.*2.0;
t30 = t12.*2.0;
t31 = t13.*2.0;
t35 = -t15;
t36 = -t16;
t37 = -t18;
t38 = -t19;
t39 = -t3;
t41 = -t5;
t43 = -t7;
t44 = -t9;
t46 = -t11;
t48 = -t13;
t49 = P11_1+t32;
t50 = P11_2+t33;
t51 = P11_3+t34;
t40 = -t21;
t42 = -t23;
t45 = -t27;
t47 = -t29;
t52 = t50.^2;
t53 = t51.^2;
t54 = t2+t39;
t55 = t4+t41;
t56 = t6+t43;
t57 = t8+t44;
t58 = t10+t46;
t59 = t12+t48;
t60 = 1.0./t49;
t61 = t60.^2;
t64 = t14.*t50.*t60;
t65 = t15.*t50.*t60;
t66 = t14.*t51.*t60;
t67 = t16.*t50.*t60;
t68 = t15.*t51.*t60;
t69 = t16.*t51.*t60;
t70 = t17.*t50.*t60;
t71 = t18.*t50.*t60;
t72 = t17.*t51.*t60;
t73 = t19.*t50.*t60;
t74 = t18.*t51.*t60;
t75 = t19.*t51.*t60;
t76 = p22_2.*t50.*t60.*-2.0;
t77 = p22_3.*t51.*t60.*-2.0;
t78 = p23_2.*t50.*t60.*-2.0;
t79 = p23_3.*t51.*t60.*-2.0;
t104 = t50.*t55.*t60.*2.0;
t105 = t51.*t54.*t60.*2.0;
t106 = t50.*t56.*t60.*2.0;
t107 = t51.*t56.*t60.*2.0;
t108 = t50.*t58.*t60.*2.0;
t109 = t51.*t57.*t60.*2.0;
t110 = t50.*t59.*t60.*2.0;
t111 = t51.*t59.*t60.*2.0;
t62 = t52.*t61;
t63 = t53.*t61;
t84 = t14+t65;
t85 = t14+t69;
t86 = t17+t71;
t87 = t17+t75;
t97 = t15.*t50.*t51.*t61;
t98 = t16.*t50.*t51.*t61;
t100 = t18.*t50.*t51.*t61;
t101 = t19.*t50.*t51.*t61;
t102 = p22_1.*t50.*t51.*t61.*-2.0;
t103 = p23_1.*t50.*t51.*t61.*-2.0;
t80 = t62+1.0;
t81 = t63+1.0;
t82 = t62-1.0;
t83 = t63-1.0;
t120 = t35+t64+t98;
t121 = t36+t66+t97;
t122 = t37+t70+t101;
t123 = t38+t72+t100;
t124 = t67+t68+t102;
t125 = t73+t74+t103;
t88 = p22_1.*t82;
t89 = p22_2.*t82;
t90 = p22_1.*t83;
t91 = p22_3.*t83;
t92 = p23_1.*t82;
t93 = p23_2.*t82;
t94 = p23_1.*t83;
t95 = p23_3.*t83;
t112 = t64+t89;
t113 = t66+t91;
t114 = t70+t93;
t115 = t72+t95;
t116 = t76+t88;
t117 = t77+t90;
t118 = t78+t92;
t119 = t79+t94;
mt1 = [-p12_3.*(P11_1.*t112+P11_2.*t116)+p12_1.*(P11_3.*t112-P11_2.*p22_3.*t80)+p12_2.*(P11_3.*t116+P11_1.*p22_3.*t80)-p12_1.*(t104+t56.*t82)+p12_2.*(t106-t55.*t82)+p12_3.*t54.*t80,-p13_3.*(P11_1.*t114+P11_2.*t118)+p13_1.*(P11_3.*t114-P11_2.*p23_3.*t80)+p13_2.*(P11_3.*t118+P11_1.*p23_3.*t80)-p13_1.*(t108+t59.*t82)+p13_2.*(t110-t58.*t82)+p13_3.*t57.*t80];
mt2 = [-p12_2.*(t20+t40-t107+t50.*t51.*t55.*t61.*2.0)-p12_1.*(P11_2.*t120-P11_3.*t121)+p12_2.*(P11_1.*t120-P11_3.*t124)-p12_3.*(P11_1.*t121-P11_2.*t124)+p12_3.*(t22+t42+t106+t50.*t51.*t54.*t61.*2.0)-p12_1.*(t50.*t54.*t60.*-2.0+t51.*t55.*t60.*2.0+t50.*t51.*t56.*t61.*2.0),-p13_2.*(t26+t45-t111+t50.*t51.*t58.*t61.*2.0)-p13_1.*(P11_2.*t122-P11_3.*t123)+p13_2.*(P11_1.*t122-P11_3.*t125)-p13_3.*(P11_1.*t123-P11_2.*t125)+p13_3.*(t28+t47+t110+t50.*t51.*t57.*t61.*2.0)-p13_1.*(t50.*t57.*t60.*-2.0+t51.*t58.*t60.*2.0+t50.*t51.*t59.*t61.*2.0)];
mt3 = [p12_1.*(t20+t40)+p12_3.*(P11_2.*t16-P11_1.*p22_3.*t50.*t60.*2.0)-p12_2.*(P11_3.*t16+P11_1.*t84)+p12_1.*(P11_3.*t67+P11_2.*t84)+p12_3.*(-t24+t25+t104)+p12_2.*t50.*t54.*t60.*2.0,p13_1.*(t26+t45)+p13_3.*(P11_2.*t19-P11_1.*p23_3.*t50.*t60.*2.0)-p13_2.*(P11_3.*t19+P11_1.*t86)+p13_1.*(P11_3.*t73+P11_2.*t86)+p13_3.*(-t30+t31+t108)+p13_2.*t50.*t57.*t60.*2.0,p12_2.*(P11_1.*t113+P11_3.*t117)-p12_1.*(P11_2.*t113-P11_3.*p22_2.*t81)-p12_3.*(P11_2.*t117+P11_1.*p22_2.*t81)+p12_1.*(t105-t56.*t83)+p12_3.*(t107+t54.*t83)-p12_2.*t55.*t81];
mt4 = [p13_2.*(P11_1.*t115+P11_3.*t119)-p13_1.*(P11_2.*t115-P11_3.*p23_2.*t81)-p13_3.*(P11_2.*t119+P11_1.*p23_2.*t81)+p13_1.*(t109-t59.*t83)+p13_3.*(t111+t57.*t83)-p13_2.*t58.*t81,p12_1.*(t22+t42)+p12_2.*(P11_3.*t15-P11_1.*p22_2.*t51.*t60.*2.0)-p12_3.*(P11_2.*t15+P11_1.*t85)+p12_1.*(P11_2.*t68+P11_3.*t85)+p12_2.*(t24-t25+t105)+p12_3.*t51.*t55.*t60.*2.0,p13_1.*(t28+t47)+p13_2.*(P11_3.*t18-P11_1.*p23_2.*t51.*t60.*2.0)-p13_3.*(P11_2.*t18+P11_1.*t87)+p13_1.*(P11_2.*t74+P11_3.*t87)+p13_2.*(t30-t31+t109)+p13_3.*t51.*t58.*t60.*2.0];
mt5 = [-p12_1.*t56+p12_2.*t55-p12_3.*t54+p12_3.*(P11_1.*p22_2-P11_2.*p22_1)-p12_2.*(P11_1.*p22_3-P11_3.*p22_1)+p12_1.*(P11_2.*p22_3-P11_3.*p22_2),-p13_1.*t59+p13_2.*t58-p13_3.*t57+p13_3.*(P11_1.*p23_2-P11_2.*p23_1)-p13_2.*(P11_1.*p23_3-P11_3.*p23_1)+p13_1.*(P11_2.*p23_3-P11_3.*p23_2)];
Q_x = reshape([mt1,mt2,mt3,mt4,mt5],2,6);
end
